8
28
169 41
154 24
160 30
189 23
168 62
75 147
59 162
201 25
225 0
2 77
118 61
161 62
207 19
183 41
157 64
173 52
162 48
102 122
137 67
196 7
207 21
151 3
196 14
161 13
221 12
106 122
107 31
176 48
8
44 127
238 1
206 27
130 60
182 42
215 1
79 101
35 134
96
36 170
65 33
154 45
15 86
129 16
59 180
40 51
35 117
162 57
229 1
160 48
128 5
60 141
199 29
23 157
51 30
182 22
2 224
142 61
130 10
110 71
77 25
198 39
29 99
67 68
44 155
46 78
75 140
150 44
128 92
153 81
220 7
157 28
42 132
136 33
120 23
90 126
102 117
51 163
190 14
239 0
119 31
225 7
152 5
37 76
228 2
138 69
77 114
118 84
208 1
28 73
3 36
43 6
96 95
201 12
111 42
221 18
28 108
77 38
129 43
189 35
131 16
149 44
12 16
49 131
198 15
49 51
216 18
57 117
71 90
136 96
172 63
223 15
117 44
216 8
204 5
88 132
35 204
210 14
148 78
136 99
238 0
55 135
225 0
35 70
163 10
162 32
156 36
217 22
200 28
32 110
11 188
224 9
0 133
185 49
55 95
62
177 48
140 94
159 46
73 18
229 3
86 81
76 14
50 110
191 42
230 4
207 4
25 144
173 45
109 96
92 121
178 13
180 34
112 3
143 38
185 39
127 51
170 52
165 56
148 30
190 13
234 4
65 46
74 56
57 9
188 51
114 103
18 92
55 133
8 62
218 7
224 4
84 22
227 7
186 13
201 13
135 44
87 16
90 36
137 18
27 98
153 11
29 92
137 43
67 158
77 134
123 35
132 7
36 126
238 0
136 0
129 2
67 47
108 98
203 11
69 19
1 203
202 33
42
109 1
15 6
23 74
175 3
174 16
89 40
104 43
84 117
51 84
75 27
229 9
10 198
135 68
121 94
118 69
172 38
78 109
54 162
223 15
113 72
81 3
20 40
146 16
226 11
225 11
77 47
127 71
192 30
76 134
201 10
188 7
65 133
114 16
43 181
236 1
2 144
62 140
208 25
42 55
182 40
142 27
211 1
97
29 84
172 53
7 212
56 76
91 95
102 8
112 66
28 136
51 0
75 1
16 208
62 9
198 36
39 19
74 150
203 10
48 168
85 27
111 121
116 47
186 20
211 17
106 76
170 51
41 166
218 0
23 163
187 18
149 79
146 30
59 84
82 22
226 12
9 14
141 82
108 38
38 72
40 144
237 2
199 10
202 9
198 9
142 11
112 66
125 24
125 17
66 73
120 9
77 50
144 91
69 46
150 40
54 139
47 30
118 100
191 3
162 14
40 111
226 8
196 20
222 5
169 25
123 100
27 59
143 8
34 30
42 0
178 5
205 15
225 10
85 32
139 62
73 29
82 135
201 7
143 8
171 42
44 146
201 27
37 117
239 0
111 87
183 14
175 17
88 0
106 53
72 138
23 212
107 59
171 5
36 148
90 124
135 37
193 27
143 70
238 1
15 199
79
202 3
172 55
6 118
107 35
233 0
82 122
105 35
47 86
67 15
62 171
139 31
17 152
56 41
169 3
100 90
47 43
150 85
61 175
62 38
52 42
56 29
97 91
53 77
215 3
96 32
171 51
80 102
119 88
111 10
163 13
171 25
106 71
23 187
179 53
79 120
148 73
177 45
211 18
63 83
146 42
153 12
230 5
39 177
220 8
56 115
12 22
6 101
71 168
42 74
128 0
0 158
41 189
124 13
34 202
178 26
233 3
194 37
219 13
45 173
224 12
56 147
128 11
166 28
146 35
116 60
203 11
232 1
131 71
149 40
71 74
183 6
190 28
153 69
8 183
68 91
117 80
217 17
88 93
157 79
100
65 102
17 64
2 202
4 133
192 11
224 6
100 127
91 48
96 101
200 1
32 98
59 47
153 75
72 163
164 9
182 46
55 98
6 67
166 51
75 108
149 26
183 41
211 6
144 20
126 90
119 31
197 36
87 94
68 55
118 105
220 5
216 7
100 119
158 20
88 29
78 27
153 29
12 12
122 19
105 51
169 29
140 86
49 133
135 55
106 18
65 148
192 19
150 14
159 50
86 36
86 132
203 32
0 206
62 34
175 10
132 92
90 52
141 87
92 86
229 7
11 190
55 154
20 47
88 69
174 10
232 2
41 106
77 18
72 27
86 103
159 30
187 44
114 100
8 54
5 133
79 37
170 50
68 35
182 49
21 200
5 191
193 44
85 92
27 42
132 10
0 233
44 98
214 8
103 67
95 138
99 2
143 40
129 20
160 8
212 26
117 54
78 67
78 88
69 136
198 36
